index,logits
158,"[0.0003324723511468619, 0.999853253364563, 0.0003233026945963502, 0.0002311002172064036]"
167,"[0.5363901257514954, 0.9999067783355713, 0.00016207578300964087, 8.333639561897144e-05]"
401,"[0.9999004602432251, 0.00016658366075716913, 0.0005734507576562464, 0.00030923623126000166]"
406,"[0.999884843826294, 0.0001992513134609908, 0.00032761800684966147, 0.0003270363376941532]"
434,"[0.00025095316232182086, 0.0018119110027328134, 0.9999476671218872, 0.0007254508091136813]"
370,"[0.0004126198764424771, 0.999874472618103, 0.0003251102170906961, 0.000217518288991414]"
439,"[0.0002866140566766262, 0.0015670738648623228, 0.9999467134475708, 0.0006918812869116664]"
459,"[0.00030044358572922647, 0.001368750468827784, 0.999945878982544, 0.0007449551485478878]"
265,"[0.0002730148262344301, 0.0017093289643526077, 0.9999483823776245, 0.0006965916254557669]"
166,"[0.00019901209452655166, 0.0005099243717268109, 0.0027172532863914967, 0.999836802482605]"
341,"[0.00020882634271401912, 0.0004407253582030535, 0.0037924086209386587, 0.9998576641082764]"
321,"[0.9998881816864014, 0.00018717905913945287, 0.00032355613075196743, 0.00038515342748723924]"
38,"[0.999886155128479, 0.00021820982510689646, 0.000300850864732638, 0.00031628969009034336]"
147,"[0.0003508191730361432, 0.999860405921936, 0.0002948238397948444, 0.00024281462538056076]"
5,"[8.949370385380462e-05, 0.06655938178300858, 0.999977707862854, 0.0006817146786488593]"
169,"[0.999904990196228, 0.0020486251451075077, 6.293509795796126e-05, 0.00022597971837967634]"
31,"[0.00035606062738224864, 0.9998693466186523, 0.0002980286080855876, 0.0002535568783059716]"
180,"[0.9998914003372192, 0.000464091805042699, 0.00013048044638708234, 0.0003888143110089004]"
157,"[0.0003653652674984187, 0.9998754262924194, 0.00031060457695275545, 0.0002471473126206547]"
34,"[0.00038873928133398294, 0.9998688697814941, 0.00032062240643426776, 0.0002187378704547882]"
151,"[0.00034289801260456443, 0.9998522996902466, 0.0002959083067253232, 0.00023639779828954488]"
162,"[0.00035710082738660276, 0.999860405921936, 0.0003132745623588562, 0.00022599050134886056]"
294,"[0.00019614954362623394, 0.0004137554788030684, 0.0028721278067678213, 0.9998304843902588]"
85,"[0.999895453453064, 0.00016819121083244681, 0.00043401875882409513, 0.0003896495618391782]"
382,"[0.00011105865269200876, 0.9999423027038574, 0.9092724919319153, 0.000723164645023644]"
355,"[0.9999066591262817, 0.00026155239902436733, 0.00011944039579248056, 0.0010310423094779253]"
309,"[0.00011011434980900958, 0.1736665964126587, 0.9999823570251465, 0.0005453632329590619]"
168,"[0.0017494370695203543, 0.9999359846115112, 0.00019419260206632316, 0.00020124425645917654]"
375,"[0.0002952277718577534, 0.0015256140613928437, 0.999953031539917, 0.0008094608783721924]"
238,"[0.0002701062767300755, 0.0015823075082153082, 0.999944806098938, 0.0007099643116816878]"
332,"[0.002789459191262722, 0.9999148845672607, 0.00029288153746165335, 0.00014625741459894925]"
78,"[0.9998843669891357, 0.0001817430747905746, 0.0003487046342343092, 0.000362506223609671]"
364,"[0.9999276399612427, 0.0008452211623080075, 6.107224180595949e-05, 0.0011066250735893846]"
208,"[0.9998874664306641, 0.00019816889835055918, 0.00031948916148394346, 0.0003584289224818349]"
324,"[0.9998887777328491, 0.00021452885994222015, 0.00028308172477409244, 0.00036120021832175553]"
378,"[0.0003516205761115998, 0.9998668432235718, 0.0004050272691529244, 0.00020515569485723972]"
290,"[0.2106839269399643, 6.987296364968643e-05, 0.0003310304891783744, 0.9999511241912842]"
453,"[0.9999351501464844, 0.0002086852036882192, 9.238077473128214e-05, 0.0038735007401555777]"
464,"[0.0003071287355851382, 0.0014276079600676894, 0.9999457597732544, 0.0006814077496528625]"
450,"[0.0017386524705216289, 0.9999736547470093, 0.021500280126929283, 0.00014875292254146188]"
22,"[0.0003710492455866188, 0.999871015548706, 0.00030080266878940165, 0.00024078723799902946]"
155,"[0.00035551076871342957, 0.999853253364563, 0.00030992424581199884, 0.00022898278257343918]"
451,"[0.9998986721038818, 0.0002075780794257298, 0.0005143919261172414, 0.00027394670178182423]"
366,"[0.0004543786926660687, 0.9999126195907593, 0.0003494144475553185, 0.0002935216762125492]"
55,"[0.9998863935470581, 0.0005777953774668276, 0.00013970359577797353, 0.00023537944070994854]"
224,"[0.9998929500579834, 0.00013452426355797797, 0.0016289529157802463, 0.00018221505160909146]"
117,"[0.0002057569072348997, 0.00042864400893449783, 0.0026805507950484753, 0.9998410940170288]"
276,"[0.00025591588928364217, 0.001678142580203712, 0.9999524354934692, 0.0008734770817682147]"
399,"[0.0003033086541108787, 0.9999184608459473, 0.0007226627785712481, 0.0002669913228601217]"
471,"[0.00030928783235140145, 0.0013843324268236756, 0.9999455213546753, 0.0006964652566239238]"
170,"[0.00034037738805636764, 0.9998354911804199, 0.0003157344472128898, 0.00021156073489692062]"
374,"[0.0006849594647064805, 0.9999198913574219, 0.0003875223046634346, 0.00019191764295101166]"
338,"[0.00025856515276245773, 0.0016666061710566282, 0.9999550580978394, 0.0009355636429972947]"
241,"[3.637481131590903e-05, 0.0003098524466622621, 0.9942118525505066, 0.9957365989685059]"
163,"[0.00036445853766053915, 0.9998692274093628, 0.00031190490699373186, 0.00023407979460898787]"
138,"[0.00022607561550103128, 0.00041517228237353265, 0.0023743517231196165, 0.9998464584350586]"
414,"[0.999919056892395, 0.0014465412823483348, 8.88945724000223e-05, 0.00022649462334811687]"
60,"[0.9998830556869507, 0.0001506587432231754, 0.00034608348505571485, 0.00046954170102253556]"
412,"[0.00014993273362051696, 0.006260090507566929, 0.9999637603759766, 0.00072068179724738]"
283,"[0.00033140083542093635, 0.9998574256896973, 0.00031304528238251805, 0.00024712609592825174]"
239,"[0.00026768844691105187, 0.0016552978195250034, 0.9999468326568604, 0.0007166181458160281]"
217,"[0.0004955022013746202, 0.9998844861984253, 0.00038530892925336957, 0.00016884614888112992]"
46,"[0.9998905658721924, 0.0031096513848751783, 6.279847002588212e-05, 0.00014110142365098]"
183,"[0.9998599290847778, 0.00017898254736792296, 0.00025768240448087454, 0.0003872591769322753]"
140,"[0.0015290603041648865, 0.0004032072320114821, 0.0006425841711461544, 0.9999409914016724]"
435,"[0.0002763863012660295, 0.0016833007102832198, 0.9999480247497559, 0.0006917613791301847]"
443,"[0.00028697113157249987, 0.0014188868226483464, 0.9999425411224365, 0.0007059681229293346]"
210,"[0.9999402761459351, 0.1349986046552658, 4.467101825866848e-05, 0.00015595975855831057]"
395,"[0.9996727705001831, 0.9123702049255371, 1.6534906535525806e-05, 0.010626811534166336]"
153,"[0.0004153575573582202, 0.9998821020126343, 0.0003662531671579927, 0.00020123159629292786]"
202,"[0.00033288562553934753, 0.9998582601547241, 0.0002962275466416031, 0.000253531732596457]"
333,"[0.0003377269022166729, 0.9998351335525513, 0.00035026174737140536, 0.00019573776808101684]"
441,"[0.0003103417402599007, 0.001356063992716372, 0.9999442100524902, 0.0006911547388881445]"
430,"[0.001654748572036624, 0.9992414712905884, 0.00015604781219735742, 0.993842363357544]"
358,"[0.999946117401123, 0.0007133230683393776, 0.00021266417752485722, 0.0004961303202435374]"
93,"[0.9998971223831177, 0.00018375740910414606, 0.00034283866989426315, 0.0004572710604406893]"
307,"[0.9974243640899658, 0.9994670748710632, 8.340348722413182e-05, 0.0001482778025092557]"
181,"[0.9998798370361328, 0.0007788545335642993, 0.0001159609091700986, 0.00021928516798652709]"
322,"[0.9998888969421387, 0.0002230170794064179, 0.00030087781487964094, 0.00031681181280873716]"
226,"[0.0045618703588843346, 0.0008050334872677922, 0.9999852180480957, 0.0003820846031885594]"
423,"[0.0002734764711931348, 0.0014966432936489582, 0.9999431371688843, 0.0007205595029518008]"
304,"[0.0002696595620363951, 0.0016093862941488624, 0.999945878982544, 0.0007180722313933074]"
437,"[0.0001612246414879337, 0.9999719858169556, 0.14020653069019318, 0.0004128966829739511]"
381,"[0.000330164359183982, 0.999873161315918, 0.0003842210571747273, 0.0002382989478064701]"
436,"[0.0002993048692587763, 0.0013942423975095153, 0.9999438524246216, 0.0006972920964471996]"
325,"[0.000326228589983657, 0.999840259552002, 0.0003624265955295414, 0.00020974784274585545]"
191,"[0.9998804330825806, 0.003307932522147894, 6.275596388150007e-05, 0.00012719407095573843]"
466,"[0.00028052908601239324, 0.001525116036646068, 0.9999469518661499, 0.0007370287785306573]"
264,"[0.00026670077932067215, 0.0017871997551992536, 0.9999496936798096, 0.0007073931046761572]"
417,"[0.0002785087563097477, 0.0017648333450779319, 0.9999510049819946, 0.0006985894287936389]"
263,"[0.00025287605240009725, 0.0018131781835108995, 0.9999533891677856, 0.000831915414892137]"
159,"[0.0003408726188354194, 0.9998507499694824, 0.0003040159062948078, 0.00022967504628468305]"
88,"[0.012244325131177902, 0.0015625153901055455, 0.9999858140945435, 0.0004236914392095059]"
320,"[0.0004206138546578586, 0.9998632669448853, 0.00034712915658019483, 0.00018234626622870564]"
129,"[0.0001929668360389769, 0.0005555606912821531, 0.0020979472901672125, 0.9998453855514526]"
251,"[0.0002933070936705917, 0.0006416747346520424, 0.0018037124536931515, 0.999866247177124]"
396,"[0.00035104851122014225, 0.9998804330825806, 0.000443615805124864, 0.00021130491222720593]"
200,"[0.999903678894043, 0.0004061721556354314, 0.00015732385509181768, 0.000427614722866565]"
289,"[0.00022556146723218262, 0.0003945421485695988, 0.0026842975057661533, 0.9998494386672974]"
99,"[0.00021875809761695564, 0.0009495160193182528, 0.9999481439590454, 0.002289815805852413]"
37,"[0.724765419960022, 0.9999397993087769, 0.0001177925369120203, 0.00020111000048927963]"
123,"[0.999911904335022, 0.00014587717305403203, 3.836983523797244e-05, 0.3221212327480316]"
48,"[0.999855637550354, 0.00019691296620294452, 0.000302555738016963, 0.00029707601061090827]"
204,"[0.9998865127563477, 0.00017147733888123184, 0.0003691967576742172, 0.00038694145041517913]"
403,"[0.0003344009746797383, 0.9998416900634766, 0.00028684886638075113, 0.0002413827896816656]"
240,"[0.0002805103431455791, 0.001466522691771388, 0.9999427795410156, 0.0007065722020342946]"
270,"[0.00030763246468268335, 0.001366000040434301, 0.9999433755874634, 0.0006811886560171843]"
150,"[0.0003423743473831564, 0.9998445510864258, 0.0003088661760557443, 0.0002193152904510498]"
73,"[0.9999467134475708, 0.00014138586993794888, 7.390112295979634e-05, 0.2941810190677643]"
232,"[0.0009121763869188726, 0.0006716425996273756, 0.999962329864502, 0.0007158992812037468]"
39,"[0.9999388456344604, 0.006307391449809074, 4.695870302384719e-05, 0.0001936484477482736]"
245,"[0.0004143332480452955, 0.00032824737718328834, 0.002067376859486103, 0.9998763799667358]"
442,"[0.9999624490737915, 0.0003923401818610728, 3.1788025808054954e-05, 0.22468340396881104]"
429,"[0.0002821741800289601, 0.001484318170696497, 0.9999430179595947, 0.0006930107483640313]"
68,"[0.9998863935470581, 0.00012468273052945733, 0.0013097478076815605, 0.00021589196694549173]"
15,"[0.0001896825124276802, 0.00040131458081305027, 0.0030438562389463186, 0.9998226761817932]"
104,"[0.00021401136473286897, 0.0004498989728745073, 0.002463775686919689, 0.9998515844345093]"
156,"[0.0003410997160244733, 0.9998530149459839, 0.0003011812223121524, 0.00023477674403693527]"
255,"[0.0003074392443522811, 0.0013595399213954806, 0.999944806098938, 0.0007039509946480393]"
105,"[0.0003506043285597116, 0.00040304524009115994, 0.0017363165970891714, 0.9998797178268433]"
323,"[0.9999022483825684, 0.0003578317991923541, 0.0001847299572546035, 0.0004371374670881778]"
314,"[0.00023770483676344156, 0.0025324381422251463, 0.9999580383300781, 0.0007220852421596646]"
90,"[0.8234541416168213, 0.9998268485069275, 5.768865958089009e-05, 5.539793346542865e-05]"
103,"[0.06574950367212296, 0.9999676942825317, 0.00025396235287189484, 0.0007112699677236378]"
160,"[0.00035267623024992645, 0.9998706579208374, 0.0003032204695045948, 0.00025881524197757244]"
135,"[0.00020496624347288162, 0.000438753078924492, 0.002652084222063422, 0.9998476505279541]"
113,"[0.00019309547496959567, 0.0004626739246305078, 0.002606957918033004, 0.9998359680175781]"
142,"[0.00017939414829015732, 0.0009093552944250405, 0.0017987139290198684, 0.999876856803894]"
121,"[0.00020885361300315708, 0.0005904976860620081, 0.0019751761574298143, 0.9998530149459839]"
356,"[0.0001202962885145098, 0.9998041987419128, 0.9954096674919128, 0.0008476900984533131]"
201,"[0.9998914003372192, 0.0002717218885663897, 0.00017867273709271103, 0.0004833360144402832]"
331,"[0.0004719389835372567, 0.9998809099197388, 0.00038481835508719087, 0.00018600624753162265]"
74,"[0.9999042749404907, 0.0001642374409129843, 0.0008389377617277205, 0.00024076702538877726]"
97,"[0.9998804330825806, 0.00017086787556763738, 0.0005810153088532388, 0.00025581513182260096]"
36,"[0.9998570680618286, 0.00016640793182887137, 0.00027577715809457004, 0.00038637049146927893]"
207,"[0.000554848404135555, 0.9999140501022339, 0.0003994167491327971, 0.00020286002836655825]"
139,"[0.0001746279012877494, 0.000587223912589252, 0.0023685621563345194, 0.9998496770858765]"
227,"[0.9998888969421387, 0.00018022448057308793, 0.00040554787847213447, 0.0003317346563562751]"
384,"[0.0010272396029904485, 0.9999706745147705, 0.001504556741565466, 0.000266147282673046]"
398,"[0.9999288320541382, 0.00038874964229762554, 9.791893535293639e-05, 0.0010315561667084694]"
257,"[0.999920129776001, 0.004589705262333155, 4.32238812209107e-05, 0.00023966447042766958]"
230,"[9.839949052548036e-05, 0.042862653732299805, 0.999976396560669, 0.0006706019048579037]"
53,"[0.9998905658721924, 0.0002714049769565463, 0.00021276049665175378, 0.000366030988516286]"
109,"[0.00022166162671055645, 0.00044150976464152336, 0.0023508728481829166, 0.9998438358306885]"
81,"[0.9998914003372192, 0.0002251497789984569, 0.000301848427625373, 0.0003319159441161901]"
262,"[0.0002671252586878836, 0.0016623132396489382, 0.9999455213546753, 0.0006957491277717054]"
260,"[0.9645185470581055, 0.00011399590584915131, 0.999755322933197, 7.498889317503199e-05]"
134,"[0.0002063162246486172, 0.0004900096100755036, 0.0022855601273477077, 0.9998500347137451]"
345,"[0.00023107136075850576, 0.0005108964396640658, 0.0020714513957500458, 0.9998613595962524]"
287,"[0.00020409801800269634, 0.0004872787103522569, 0.0021724530961364508, 0.9998248219490051]"
391,"[0.00037010034429840744, 0.9998531341552734, 0.0003310465544927865, 0.0002024975256063044]"
390,"[0.8889203667640686, 0.9998353719711304, 6.686071719741449e-05, 9.264949039788917e-05]"
316,"[0.00010358557483414188, 0.0023134329821914434, 0.001493205432780087, 0.9998303651809692]"
176,"[0.0004030849668197334, 0.9999034404754639, 0.0004344556946307421, 0.0002478164969943464]"
52,"[0.9998911619186401, 0.00017873117758426815, 0.0003128442040178925, 0.00047149808960966766]"
298,"[0.00019511838036123663, 0.0004302852903492749, 0.003102254355326295, 0.9998410940170288]"
221,"[0.00021180092880968004, 0.0003979734319727868, 0.0030341362580657005, 0.9998457431793213]"
188,"[0.0006185951642692089, 0.9999170303344727, 0.00039560385630466044, 0.00019733943918254226]"
63,"[0.9998894929885864, 0.00019663546117953956, 0.00037168984999880195, 0.00031348280026577413]"
7,"[0.9998972415924072, 0.00019587033602874726, 0.0002993816160596907, 0.0004807449586223811]"
268,"[0.0002771845320239663, 0.001715981401503086, 0.9999532699584961, 0.0008092051721177995]"
447,"[0.9998965263366699, 0.0001437313767382875, 0.0006338327657431364, 0.0003861904260702431]"
318,"[0.00041007634717971087, 0.9998754262924194, 0.0003612127620726824, 0.00020139785192441195]"
315,"[0.0002985308528877795, 0.0014684783527627587, 0.9999467134475708, 0.0007042313809506595]"
420,"[0.0002737900649663061, 0.0016343910247087479, 0.9999467134475708, 0.0007018813630566001]"
285,"[0.0003730434109456837, 0.9998763799667358, 0.0003258592914789915, 0.00024218850012402982]"
175,"[0.0011009585577994585, 0.9999288320541382, 0.0003018875140696764, 0.00018204536172561347]"
393,"[0.00034415393020026386, 0.9998512268066406, 0.00033792416797950864, 0.0002133445377694443]"
425,"[0.0003215168253518641, 0.00162095099221915, 0.9999539852142334, 0.0006969439564272761]"
272,"[0.0002653307165019214, 0.0017674402333796024, 0.9999479055404663, 0.0006926422938704491]"
267,"[0.000290434283670038, 0.0014908385928720236, 0.9999445676803589, 0.0006846699980087578]"
299,"[0.0001865020749391988, 0.00045173888793215156, 0.0030304891988635063, 0.9998356103897095]"
20,"[0.00030128000071272254, 0.9999455213546753, 0.0013211349723860621, 0.00031826249323785305]"
18,"[0.00040658804937265813, 0.9998714923858643, 0.00032408375409431756, 0.00020726796356029809]"
413,"[0.00029261637246236205, 0.0014134255470708013, 0.9999418258666992, 0.0006802443531341851]"
249,"[0.0009405432501807809, 0.0006628995179198682, 0.9999563694000244, 0.0005608318606391549]"
98,"[0.0029607433825731277, 0.9999293088912964, 0.00016859099559951574, 0.00013579450023826212]"
64,"[0.0010303849121555686, 0.03548683598637581, 0.9999922513961792, 0.00031900248723104596]"
353,"[0.00038648632471449673, 0.9998807907104492, 0.00028287479653954506, 0.0002913717180490494]"
416,"[0.0002979686832986772, 0.0013901785714551806, 0.9999426603317261, 0.0006890787626616657]"
50,"[0.0004405129875522107, 0.9998910427093506, 0.00038006907561793923, 0.0002102564467350021]"
44,"[0.00468889344483614, 0.9999392032623291, 0.00019218791567254812, 0.00014933205966372043]"
468,"[0.00027675359160639346, 0.0015970637323334813, 0.9999455213546753, 0.0006908814539201558]"
164,"[0.0003316916699986905, 0.9998552799224854, 0.0003091062535531819, 0.0002408400468993932]"
328,"[0.00241634389385581, 0.9999343156814575, 0.000368993409210816, 0.00022361391165759414]"
86,"[0.0003369802434463054, 0.00222346605733037, 0.9999645948410034, 0.0006455504917539656]"
100,"[0.00035911318263970315, 0.9998664855957031, 0.0003326879523228854, 0.00022111005091574043]"
133,"[0.00019788982172030956, 0.0005375066539272666, 0.0022480289917439222, 0.9998548030853271]"
389,"[0.9999384880065918, 0.014015475288033485, 4.3151769204996526e-05, 0.00014085743168834597]"
118,"[0.00021737314818892628, 0.00039660261245444417, 0.0025500936899334192, 0.99982750415802]"
306,"[0.0004841874761041254, 0.0012887549819424748, 0.9999643564224243, 0.0007415496511384845]"
189,"[0.0004767575883306563, 0.9998944997787476, 0.0003760514664463699, 0.000192921026609838]"
225,"[0.0003061651368625462, 0.001331750419922173, 0.9999469518661499, 0.0007685184828005731]"
196,"[0.0004497417830862105, 0.9998927116394043, 0.00038386957021430135, 0.00022642854310106486]"
186,"[0.00041708152275532484, 0.9998778104782104, 0.00031683628913015127, 0.000222606016905047]"
376,"[0.0002799757057800889, 0.0016470514237880707, 0.9999521970748901, 0.0007811136892996728]"
363,"[0.00020291497639846057, 0.000450808642199263, 0.0026438042987138033, 0.9998427629470825]"
8,"[0.9999284744262695, 0.512844979763031, 2.7478950869408436e-05, 0.00010606009163893759]"
291,"[0.00020451510499697179, 0.00045709629193879664, 0.002512736013159156, 0.9998433589935303]"
330,"[0.00035776785807684064, 0.9998630285263062, 0.0003077386936638504, 0.00024174278951250017]"
438,"[0.00031098799081519246, 0.0013065104139968753, 0.9999431371688843, 0.0007044365047477186]"
2,"[0.9998806715011597, 0.00018415610247757286, 0.00034390026121400297, 0.0003445109468884766]"
16,"[0.0002932766219601035, 0.0014457784127444029, 0.9999444484710693, 0.0006969595560804009]"
254,"[0.00017510977340862155, 0.0004670470079872757, 0.004332771059125662, 0.9998421669006348]"
89,"[0.999908447265625, 0.00016424823843408376, 0.0005374799948185682, 0.0003992336569353938]"
278,"[0.9999254941940308, 0.00035611953353509307, 0.00011094033106928691, 0.0009688764694146812]"
448,"[0.0002742412325460464, 0.0015378565294668078, 0.9999433755874634, 0.0006981325568631291]"
14,"[0.00018687268311623484, 0.0004300732398405671, 0.0029549452010542154, 0.9998347759246826]"
3,"[0.0003176296013407409, 0.9998499155044556, 0.0003216115874238312, 0.00023853214224800467]"
128,"[0.0002184775221394375, 0.0004268882912583649, 0.002607907634228468, 0.999853253364563]"
354,"[0.000759751652367413, 0.0008292058482766151, 0.0006913754623383284, 0.9999270439147949]"
392,"[0.0017146767349913716, 0.9999231100082397, 0.00022437828010879457, 0.0001483932283008471]"
280,"[0.9999033212661743, 0.00041497324127703905, 0.00012467608030419797, 0.0005466504371725023]"
30,"[0.00034429208608344197, 0.9998518228530884, 0.00028760137502104044, 0.00024112909159157425]"
349,"[0.0003236326447222382, 0.0012540532043203712, 0.999942421913147, 0.0006882147281430662]"
198,"[0.0005411062156781554, 0.9999098777770996, 0.0003755264915525913, 0.00020353872969280928]"
377,"[0.0028122731018811464, 0.9999788999557495, 0.0013090719003230333, 0.0002626138739287853]"
250,"[0.00034859179868362844, 0.0008880675886757672, 0.9999548196792603, 0.0013940426288172603]"
462,"[0.0002892159973271191, 0.0015742479590699077, 0.999947190284729, 0.0006864461465738714]"
400,"[0.9998668432235718, 0.00016230111941695213, 0.0008134030504152179, 0.0002110950881615281]"
310,"[0.00019627020810730755, 0.0005159940919838846, 0.004641493316739798, 0.9998784065246582]"
348,"[0.00030368624720722437, 0.001344837248325348, 0.9999430179595947, 0.0007012946880422533]"
144,"[0.46018996834754944, 0.9999892711639404, 0.00592917762696743, 0.000433770619565621]"
76,"[0.9998859167098999, 0.00018605325021781027, 0.0002576219558250159, 0.00046802774886600673]"
205,"[0.9997634291648865, 5.193081597099081e-05, 0.4292818605899811, 7.098365313140675e-05]"
146,"[0.0003275930357631296, 0.9998458623886108, 0.00031918197055347264, 0.00022425831411965191]"
404,"[0.00030460080597549677, 0.9998382329940796, 0.0003386777243576944, 0.0002273915015393868]"
326,"[0.00035332320840097964, 0.9998519420623779, 0.0003313853812869638, 0.00021560461027547717]"
247,"[0.00027385400608181953, 0.001492401584982872, 0.9999446868896484, 0.0007455038139596581]"
347,"[0.0002755532623268664, 0.0014807188417762518, 0.999946117401123, 0.0007670186460018158]"
405,"[6.430249777622521e-05, 0.799619197845459, 0.9999713897705078, 0.0007780485320836306]"
369,"[0.0003333432541694492, 0.9998428821563721, 0.00030757469357922673, 0.00022603703837376088]"
43,"[0.0003504549677018076, 0.9998569488525391, 0.0003520571335684508, 0.00020290008978918195]"
228,"[0.00024556490825489163, 0.0017808929551392794, 0.9999443292617798, 0.000710119609721005]"
49,"[0.999894380569458, 0.00025242488482035697, 0.00026138362591154873, 0.0003421268775127828]"
67,"[0.00022495213488582522, 0.0004453238798305392, 0.0038069726433604956, 0.9998695850372314]"
106,"[0.0002083845902234316, 0.0003971447586081922, 0.0026661972515285015, 0.9998315572738647]"
346,"[0.00042154593393206596, 0.9998962879180908, 0.00040667757275514305, 0.00021326278510969132]"
421,"[0.00028365664184093475, 0.0014752805000171065, 0.9999433755874634, 0.000698210031259805]"
274,"[0.0002986188046634197, 0.0014259930467233062, 0.9999452829360962, 0.0007033226429484785]"
177,"[0.0008470886386930943, 0.9999008178710938, 0.00031045862124301493, 0.00014843793178442866]"
297,"[0.00021029192430432886, 0.0004168400482740253, 0.00288392324000597, 0.9998443126678467]"
173,"[0.9998880624771118, 0.00025306755560450256, 0.0002699286269489676, 0.0002935124502982944]"
102,"[0.4342496991157532, 0.999948263168335, 0.0011040032841265202, 0.00010549875878496096]"
222,"[0.00022476968297269195, 0.0005106755997985601, 0.002433379413560033, 0.9998661279678345]"
244,"[0.0008121785358525813, 0.0002981690049637109, 0.0012010037899017334, 0.9999096393585205]"
367,"[0.0003167819231748581, 0.9998629093170166, 0.0003293162153568119, 0.0002559749409556389]"
130,"[0.00019597848586272448, 0.00045104569289833307, 0.002611533273011446, 0.9998393058776855]"
359,"[0.0008439123048447073, 0.9998863935470581, 0.00035119379754178226, 0.00015565801004413515]"
237,"[0.00025013330741785467, 0.0018856704700738192, 0.9999512434005737, 0.0007613091147504747]"
231,"[0.0002665281936060637, 0.0016326088225468993, 0.999945878982544, 0.000717794755473733]"
273,"[0.00029722586623393, 0.0015108112711459398, 0.999947190284729, 0.0006909578223712742]"
115,"[0.00022322664153762162, 0.00040735132643021643, 0.002463956130668521, 0.9998377561569214]"
199,"[0.0004261219291947782, 0.9998862743377686, 0.00033956451807171106, 0.0002210710517829284]"
463,"[0.9998763799667358, 0.00029757889569737017, 0.0002654471027199179, 0.0002747790713328868]"
336,"[0.999932050704956, 0.0003429978678468615, 8.416979108005762e-05, 0.0024886869359761477]"
340,"[0.00028147181728854775, 0.001531154033727944, 0.9999476671218872, 0.0007410745602101088]"
246,"[0.0002536707615945488, 0.0017351674614474177, 0.9999510049819946, 0.0008258742745965719]"
108,"[0.00020383548690006137, 0.0004538774082902819, 0.002362852916121483, 0.9998326301574707]"
476,"[0.00030531370430253446, 0.0013822957407683134, 0.9999443292617798, 0.0006915134727023542]"
114,"[0.0001698861742625013, 0.9994820952415466, 0.0001356944558210671, 0.43555137515068054]"
469,"[0.0005598400020971894, 0.9999006986618042, 0.0004075873293913901, 0.00017119618132710457]"
236,"[0.00032014225143939257, 0.001624641357921064, 0.9999576807022095, 0.0007770556840114295]"
141,"[0.00019399570010136813, 0.00043763217399828136, 0.002761711599305272, 0.9998371601104736]"
380,"[0.00025272686616517603, 0.9999129772186279, 0.0008233280968852341, 0.00028983154334127903]"
284,"[0.00023367482936009765, 0.9999731779098511, 0.16638973355293274, 0.0005103843868710101]"
203,"[0.9998881816864014, 0.0001844937214627862, 0.00031921634217724204, 0.0003831378126051277]"
253,"[0.00039898446993902326, 0.0004399355675559491, 0.0017205029726028442, 0.999901533126831]"
11,"[0.00018877169350162148, 0.0003632197040133178, 0.014696500264108181, 0.9999021291732788]"
194,"[0.9998924732208252, 9.588912507751957e-05, 0.0002354142052354291, 0.002564516616985202]"
427,"[0.0002858990046661347, 0.001448303577490151, 0.9999433755874634, 0.0007048602565191686]"
475,"[0.0003123217902611941, 0.0015399730764329433, 0.9999505281448364, 0.0006861917208880186]"
45,"[0.0011289346730336547, 0.9999366998672485, 0.0002761431678663939, 0.00020679636509157717]"
116,"[0.00018495765107218176, 0.0004504018579609692, 0.003038618015125394, 0.9998281002044678]"
379,"[0.00032269390067085624, 0.9998443126678467, 0.0003374409570824355, 0.0002235627471236512]"
327,"[0.011648678220808506, 0.999920129776001, 0.00010341149027226493, 9.134048013947904e-05]"
32,"[0.00034245074493810534, 0.9998613595962524, 0.00030044731101952493, 0.0002465760917402804]"
372,"[0.0003547045635059476, 0.9998642206192017, 0.00031810355721972883, 0.00023117758973967284]"
477,"[0.9998962879180908, 0.00020385513198561966, 0.0003474722907412797, 0.00033816570066846907]"
71,"[0.02055078186094761, 0.9999856948852539, 0.001962698996067047, 0.00021362626284826547]"
174,"[0.9998941421508789, 0.00028805003967136145, 0.00020393231534399092, 0.00041065842378884554]"
66,"[0.9996378421783447, 4.710383655037731e-05, 0.4295887053012848, 5.924886863795109e-05]"
275,"[0.0002996792027261108, 0.0002835941850207746, 0.035520702600479126, 0.9998993873596191]"
235,"[0.9999197721481323, 0.00026866106782108545, 8.905714639695361e-05, 0.002370663220062852]"
229,"[0.9998611211776733, 0.0001410999393556267, 0.00040158902993425727, 0.00035300268791615963]"
295,"[0.00019640313985291868, 0.0004727981286123395, 0.0030545247718691826, 0.9998494386672974]"
319,"[0.9999285936355591, 0.00041923223761841655, 9.620262426324189e-05, 0.0012200239580124617]"
286,"[0.00034210042213089764, 0.0006184413214214146, 0.001450066571123898, 0.9998981952667236]"
387,"[0.00031852140091359615, 0.9998433589935303, 0.0003377674729563296, 0.0002215756248915568]"
195,"[0.0004363566404208541, 0.9998891353607178, 0.0003351496998220682, 0.00022145903494674712]"
127,"[0.0002179272414650768, 0.00045904918806627393, 0.0022534430027008057, 0.9998449087142944]"
77,"[0.9998974800109863, 0.00022567612177226692, 0.0003686305717565119, 0.00028497647144831717]"
329,"[0.00044960484956391156, 0.9998925924301147, 0.00029176034149713814, 0.00034179858630523086]"
266,"[0.00016147019050549716, 0.015101962722837925, 0.000458901486126706, 0.9999136924743652]"
29,"[0.00034276023507118225, 0.9998509883880615, 0.000289656687527895, 0.00024010338529478759]"
126,"[0.0001968833093997091, 0.0005560618010349572, 0.0022322703152894974, 0.9998577833175659]"
96,"[0.9998582601547241, 0.4723502993583679, 2.8529993869597092e-05, 7.511829608120024e-05]"
17,"[0.00034818591666407883, 0.9998633861541748, 0.0003040112496819347, 0.00024137382570188493]"
26,"[0.0002016691432800144, 0.003079755697399378, 0.999956488609314, 0.0007220294792205095]"
145,"[0.0002850645105354488, 0.00166857719887048, 0.999948263168335, 0.0006704000406898558]"
444,"[0.0002750959829427302, 0.0015590628609061241, 0.9999452829360962, 0.0007125064148567617]"
432,"[0.0002636190620251, 0.0016717886319383979, 0.9999463558197021, 0.0007167793228290975]"
334,"[0.00036503729643300176, 0.9998546838760376, 0.0003639932256191969, 0.00019349837384652346]"
449,"[0.0003255646151956171, 0.001536272931843996, 0.9999525547027588, 0.0006850576610304415]"
122,"[0.0007374833803623915, 0.00027489670901559293, 0.0017373261507600546, 0.999886155128479]"
132,"[0.002346632769331336, 0.00023098279780242592, 0.0010161874815821648, 0.9999502897262573]"
213,"[0.9999150037765503, 0.00036047285539098084, 0.00017449840379413217, 0.0005255680880509317]"
107,"[0.0002078599063679576, 0.0004520307120401412, 0.002457439200952649, 0.9998470544815063]"
452,"[0.00029241779702715576, 0.0017464776756241918, 0.9999548196792603, 0.0007351813837885857]"
282,"[0.0001215511656482704, 0.9364279508590698, 0.9970121383666992, 0.20873668789863586]"
220,"[0.9998922348022461, 0.0002265553193865344, 0.00029749746317975223, 0.0003232391900382936]"
337,"[0.00029574442305602133, 0.001405729679390788, 0.9999436140060425, 0.0007003359496593475]"
455,"[0.00025417940923944116, 0.0006049549556337297, 0.001722505665384233, 0.999883770942688]"
69,"[0.2670040428638458, 0.7680829763412476, 6.676514749415219e-05, 0.9988316893577576]"
197,"[0.00046355905942618847, 0.999908447265625, 0.000372433103621006, 0.00023889723524916917]"
409,"[0.9999054670333862, 0.00019768784113693982, 0.0004167057923041284, 0.00037145643727853894]"
305,"[0.9998958110809326, 0.00010465888772159815, 0.0016052031423896551, 0.000271016062470153]"
119,"[0.00010315443068975583, 0.013524326495826244, 0.0006967423832975328, 0.9999196529388428]"
165,"[0.00037956383312121034, 0.9998682737350464, 0.00034573819721117616, 0.00020627904450520873]"
152,"[0.00036928479676134884, 0.9998657703399658, 0.00028422268223948777, 0.00024591610417701304]"
424,"[0.00028969647246412933, 0.0017074195202440023, 0.9999512434005737, 0.0006874065729789436]"
10,"[5.889202293474227e-05, 0.8673246502876282, 0.9999605417251587, 0.0007092174491845071]"
94,"[0.0008874611230567098, 0.000775520340539515, 0.9999679327011108, 0.0008798233466222882]"
35,"[0.9990211725234985, 0.9971101880073547, 6.428606138797477e-05, 0.00010737711272668093]"
460,"[0.00019560064538381994, 0.00042651535477489233, 0.0030362773686647415, 0.9998394250869751]"
383,"[0.00035353697603568435, 0.9998563528060913, 0.0003207942354492843, 0.000219434718019329]"
51,"[0.5322262644767761, 0.9999592304229736, 0.00012175823212601244, 0.00023339252220466733]"
212,"[0.0004808593075722456, 0.99989914894104, 0.0003321384429000318, 0.0002620016457512975]"
120,"[0.0002457347000017762, 0.0004522942763287574, 0.0022690973710268736, 0.999870777130127]"
350,"[0.0003328161546960473, 0.0013380368473008275, 0.9999524354934692, 0.0007745015318505466]"
397,"[0.9994997978210449, 5.8731053286464885e-05, 0.9010286331176758, 6.558623863384128e-05]"
271,"[0.0002861747343558818, 0.0015113415429368615, 0.9999459981918335, 0.0007086839759722352]"
95,"[0.03244892135262489, 0.9999749660491943, 0.00020198553102090955, 0.00015858493861742318]"
339,"[0.0002847689902409911, 0.001505752094089985, 0.9999451637268066, 0.0007035284652374685]"
24,"[0.0003950419486500323, 0.9998756647109985, 0.00027762859826907516, 0.0002561834699008614]"
27,"[0.00035936711356043816, 0.9998606443405151, 0.0003186978865414858, 0.00023187581973616034]"
281,"[0.9577628374099731, 0.00024169600510504097, 0.00010560524242464453, 0.9999469518661499]"
242,"[0.0005220267921686172, 0.0011925084982067347, 0.9999651908874512, 0.0008049564785324037]"
91,"[0.0004930479917675257, 0.001258296542800963, 0.999957799911499, 0.000587869028095156]"
193,"[0.9998916387557983, 0.00038184772711247206, 0.00016948975098785013, 0.0003491062670946121]"
59,"[0.9998722076416016, 0.00011795362661359832, 0.0002948899054899812, 0.0008194345282390714]"
4,"[0.0002851808676496148, 0.0018610443221405149, 0.9999547004699707, 0.0007157690706662834]"
445,"[0.0002976910036522895, 0.0015348164597526193, 0.9999489784240723, 0.000704109319485724]"
21,"[0.000337761826813221, 0.9998581409454346, 0.0003060530580114573, 0.0002403777907602489]"
458,"[0.0002967790642287582, 0.001720647094771266, 0.9999527931213379, 0.0006922391476109624]"
301,"[0.00019753446395043284, 0.0004464755184017122, 0.0027798539958894253, 0.9998456239700317]"
408,"[0.002014356665313244, 0.0004874703590758145, 0.999961256980896, 0.00041425920790061355]"
385,"[0.00034451077226549387, 0.9998692274093628, 0.0003279189404565841, 0.00024311066954396665]"
218,"[0.18535961210727692, 0.9999492168426514, 0.00013221408880781382, 0.00013704797311220318]"
206,"[0.9998133778572083, 3.85527491744142e-05, 0.00017098359239753336, 0.6279679536819458]"
79,"[0.9998793601989746, 0.0002101175778079778, 0.00030431142658926547, 0.000320890307193622]"
148,"[0.0003187410475220531, 0.9998518228530884, 0.0003213807940483093, 0.00023660414444748312]"
243,"[0.000259754917351529, 0.001996566541492939, 0.9999569654464722, 0.0008043519337661564]"
124,"[0.00022733796504326165, 0.00039224233478307724, 0.002539604203775525, 0.9998438358306885]"
351,"[0.00027856347151100636, 0.0015880141872912645, 0.9999480247497559, 0.0007319115684367716]"
178,"[0.0003580490010790527, 0.9998588562011719, 0.0003401939757168293, 0.00021572696277871728]"
312,"[0.00031367564224638045, 0.001355550019070506, 0.999944806098938, 0.0006888154894113541]"
259,"[0.0002534355444367975, 0.0019333453383296728, 0.9999499320983887, 0.0007052929722703993]"
343,"[0.0002230953541584313, 0.00034623840474523604, 0.00404557678848505, 0.9998534917831421]"
410,"[0.009450134821236134, 0.0003085321222897619, 0.0008136720862239599, 0.9999759197235107]"
296,"[0.00018098631699103862, 0.0004629002360161394, 0.002947175409644842, 0.9998342990875244]"
185,"[0.9744987487792969, 0.999671220779419, 7.000535697443411e-05, 9.030768705997616e-05]"
171,"[0.00043498448212631047, 0.9999003410339355, 0.0002928882313426584, 0.000456224603112787]"
467,"[0.000272316305199638, 0.0015881933504715562, 0.9999439716339111, 0.0006889858632348478]"
303,"[0.9626632332801819, 0.00025407716748304665, 0.0001406763622071594, 0.9999406337738037]"
342,"[0.00023095683718565851, 0.00045156601117923856, 0.002739726100116968, 0.9998642206192017]"
6,"[0.0002387415006523952, 0.002073995303362608, 0.9999533891677856, 0.0007749237702228129]"
311,"[0.0002756092289928347, 0.0016744446475058794, 0.9999508857727051, 0.0007483630906790495]"
0,"[0.0022316870745271444, 0.999937891960144, 0.00020260353630874306, 0.00016410922398790717]"
54,"[0.9998747110366821, 0.00022016486036591232, 0.0002904143475461751, 0.0002889233292080462]"
258,"[5.469219104270451e-05, 0.00029790931148454547, 0.9976862668991089, 0.9862457513809204]"
362,"[0.00029379717307165265, 0.0014791192952543497, 0.9999456405639648, 0.0006955355638638139]"
28,"[0.00031711006886325777, 0.9998723268508911, 0.00033753280877135694, 0.0002742297074291855]"
473,"[0.004838647320866585, 0.0006911178352311254, 0.9999819993972778, 0.00034595266333781183]"
388,"[0.999903678894043, 0.0031676574144512415, 6.059832958271727e-05, 0.00019385812629479915]"
214,"[0.9999146461486816, 0.0015435389941558242, 7.735598046565428e-05, 0.000289174378849566]"
293,"[0.00019484527001623064, 0.0004402286431286484, 0.002680958714336157, 0.9998341798782349]"
386,"[0.00033176946453750134, 0.9998551607131958, 0.0003092241531703621, 0.0002456473303027451]"
83,"[0.0003711877507157624, 0.0016231060726568103, 0.9999575614929199, 0.0006303017144091427]"
461,"[7.936695328680798e-05, 0.9983875751495361, 0.9995535016059875, 0.0009432327351532876]"
101,"[9.357620729133487e-05, 0.792887806892395, 0.99997878074646, 0.0006944573251530528]"
313,"[6.17505720583722e-05, 0.7113999128341675, 0.9999667406082153, 0.0005430924356915057]"
426,"[0.0002671178663149476, 0.0016659643733873963, 0.9999459981918335, 0.0007009929977357388]"
317,"[0.0004889295087195933, 0.999886155128479, 0.0002787842822726816, 0.00026186503237113357]"
402,"[0.0003616069152485579, 0.9998635053634644, 0.00029539837851189077, 0.0002402265672571957]"
136,"[0.00019114532915409654, 0.0004691169015131891, 0.0029529582243412733, 0.9998394250869751]"
454,"[0.00031305901939049363, 0.0014112008502706885, 0.9999462366104126, 0.0006921233725734055]"
465,"[0.9055007696151733, 8.914610225474462e-05, 0.9996755123138428, 7.053250737953931e-05]"
131,"[0.00018944825569633394, 0.00046203157398849726, 0.0026557445526123047, 0.999835729598999]"
368,"[0.00032403029035776854, 0.9998501539230347, 0.00030420609982684255, 0.0002551020006649196]"
80,"[0.999901294708252, 0.0002529826306272298, 7.4942217906937e-05, 0.025214780122041702]"
223,"[0.5514993071556091, 0.00020050724560860544, 0.999954342842102, 0.00010693618969526142]"
360,"[0.0003174878656864166, 0.0013044923543930054, 0.9999428987503052, 0.0006801870185881853]"
472,"[0.0002803565876092762, 0.0015281017404049635, 0.9999443292617798, 0.0006961579783819616]"
211,"[0.0007959153153933585, 0.9999027252197266, 0.00030992511892691255, 0.0001664950541453436]"
411,"[0.00027312469319440424, 0.0016234106151387095, 0.999946117401123, 0.0007009322289377451]"
149,"[0.0006656426703557372, 0.9999077320098877, 0.00034835076075978577, 0.00018471918883733451]"
65,"[0.9999068975448608, 0.0007706015603616834, 0.00010714195377659053, 0.00028379244031384587]"
394,"[0.00032604107400402427, 0.9998387098312378, 0.0003571808629203588, 0.0002003220870392397]"
72,"[0.999889612197876, 0.00028047343948855996, 0.00018354954954702407, 0.0004828004748560488]"
192,"[0.0008212723187170923, 0.9998999834060669, 0.0003541257756296545, 0.0001481590879848227]"
143,"[0.0002429676678730175, 0.0004788830119650811, 0.0023581625428050756, 0.9998725652694702]"
261,"[0.000266160728642717, 0.001652733189985156, 0.9999483823776245, 0.0007521258667111397]"
154,"[0.0003309622989036143, 0.9998539686203003, 0.0003055446140933782, 0.0002393717149971053]"
335,"[0.025746483355760574, 0.9999531507492065, 0.00010603773989714682, 0.00012539836461655796]"
92,"[0.9998922348022461, 0.0002642685722094029, 0.0002236757572973147, 0.00038636717363260686]"
269,"[0.0003049561637453735, 0.0015453803353011608, 0.9999549388885498, 0.0008240528404712677]"
300,"[0.00020897014474030584, 0.0003512855328153819, 0.004741185810416937, 0.999853253364563]"
23,"[0.00031825792393647134, 0.9998445510864258, 0.0003512706025503576, 0.00021506112534552813]"
1,"[0.9999276399612427, 0.0004205246805213392, 0.0008250907994806767, 0.00015589536633342505]"
172,"[0.00035196635872125626, 0.9998642206192017, 0.0002978369011543691, 0.00024591799592599273]"
182,"[0.999901294708252, 0.0002620476298034191, 0.00022485156659968197, 0.00042222539195790887]"
344,"[0.00020318776660133153, 0.000478575675515458, 0.0023491159081459045, 0.9998466968536377]"
422,"[0.00030023654107935727, 0.0014557670801877975, 0.9999464750289917, 0.0006990067195147276]"
41,"[0.999903678894043, 0.12237376719713211, 3.1039809982758015e-05, 7.311317312996835e-05]"
110,"[0.0001802272308850661, 0.0005528202746063471, 0.002439355943351984, 0.9998486042022705]"
357,"[0.00027010319172404706, 0.002094134222716093, 0.9999549388885498, 0.0007012371788732708]"
70,"[0.9938108325004578, 0.9990788698196411, 5.814164615003392e-05, 7.581382669741288e-05]"
252,"[0.00020872462482657284, 0.0004327921196818352, 0.0030261888168752193, 0.9998564720153809]"
112,"[0.0002227149234386161, 0.0003894557012245059, 0.0027548084035515785, 0.9998459815979004]"
407,"[0.6894789338111877, 9.582212805980816e-05, 0.00043825607281178236, 0.9999619722366333]"
428,"[0.0002858455991372466, 0.001450145966373384, 0.9999425411224365, 0.0006935300771147013]"
42,"[0.9999010562896729, 0.002112249145284295, 7.789999654050916e-05, 0.0001673103542998433]"
13,"[0.0002555918472353369, 0.0015731517923995852, 0.9999513626098633, 0.000905030348803848]"
279,"[0.9998856782913208, 0.00018824113067239523, 0.00035344649222679436, 0.0003484663902781904]"
209,"[0.9998788833618164, 0.00021645156084559858, 0.0002624021435622126, 0.0003594032896216959]"
33,"[0.00034114194568246603, 0.9998528957366943, 0.0003070713428314775, 0.0002306731475982815]"
19,"[0.0007720958674326539, 0.9999719858169556, 0.0012318938970565796, 0.0005556117976084352]"
61,"[0.9998877048492432, 0.00017169919738080353, 0.00014594284584745765, 0.02082657255232334]"
215,"[0.16379918158054352, 0.9999443292617798, 7.756731793051586e-05, 0.00010216142982244492]"
234,"[0.00026694091502577066, 0.001576896640472114, 0.9999439716339111, 0.0007135464111343026]"
12,"[0.00018863783043343574, 0.00047551083844155073, 0.0025255170185118914, 0.999836802482605]"
56,"[0.004662816412746906, 0.99994957447052, 0.00020469067385420203, 0.00014313601423054934]"
87,"[0.9998983144760132, 0.0002060408005490899, 0.0004057776241097599, 0.0003121095651295036]"
371,"[0.0002836109488271177, 0.9998291730880737, 0.0003854619571939111, 0.00021891144569963217]"
456,"[0.00026463769609108567, 0.0017804964445531368, 0.9999500513076782, 0.000728953629732132]"
179,"[0.0004561773966997862, 0.9998745918273926, 0.0003868142084684223, 0.00017523305723443627]"
474,"[0.00030789829907007515, 0.0014925849391147494, 0.9999507665634155, 0.0007258715922944248]"
373,"[0.001047957455739379, 0.0009131186525337398, 0.9999722242355347, 0.0008116033277474344]"
308,"[0.9569541215896606, 7.562767859781161e-05, 0.9995287656784058, 7.676889799768105e-05]"
58,"[0.0003537586599122733, 0.9998630285263062, 0.0003235909971408546, 0.00022714663646183908]"
184,"[0.00022535875905305147, 0.0026902551762759686, 0.999956488609314, 0.0007184804999269545]"
190,"[0.999891996383667, 0.00020413249148987234, 0.00033531972439959645, 0.0003370073973201215]"
137,"[0.00020027051505167037, 0.0004629871982615441, 0.00238573900423944, 0.9998400211334229]"
457,"[0.00028190636658109725, 0.0014773828443139791, 0.9999433755874634, 0.0007039442425593734]"
440,"[0.0005220031598582864, 0.9998581409454346, 0.00034933234564960003, 0.00014276090951170772]"
302,"[0.00039618677692487836, 0.999870777130127, 0.00033184251515194774, 0.00021083297906443477]"
161,"[0.0003624040982685983, 0.9998643398284912, 0.0003037485003005713, 0.0002349529677303508]"
25,"[0.0003526528598740697, 0.9998499155044556, 0.0003205967368558049, 0.0002159045252483338]"
248,"[0.9998834133148193, 0.0002190014347434044, 0.0002535114181227982, 0.0003625765675678849]"
111,"[0.00019811655511148274, 0.0008404259569942951, 0.0017239543376490474, 0.9998842477798462]"
216,"[0.9998886585235596, 0.00030847155721858144, 0.00018560585158411413, 0.0003505530476104468]"
288,"[0.00037163333036005497, 0.9998797178268433, 0.00034072171547450125, 0.00024261651560664177]"
352,"[0.999852180480957, 0.0001387809606967494, 0.0003379317349754274, 0.0004283582675270736]"
431,"[0.00031145798857323825, 0.0013463854556903243, 0.999943733215332, 0.000685620354488492]"
219,"[0.019298188388347626, 0.999948263168335, 0.00010940597712760791, 0.00011244952474953607]"
256,"[0.00031171736191026866, 0.001381317968480289, 0.9999477863311768, 0.0007296354160644114]"
361,"[0.0002943769795820117, 0.0013730968348681927, 0.9999421834945679, 0.0007025757222436368]"
62,"[0.999875545501709, 0.0001703174493741244, 0.00034323337604291737, 0.0003674413310363889]"
446,"[0.000282278866507113, 0.001431615324690938, 0.9999414682388306, 0.0007015971350483596]"
277,"[0.00018273998284712434, 0.0019061700440943241, 0.9999550580978394, 0.0013877750607207417]"
187,"[0.0005885549471713603, 0.999886155128479, 0.0003772568597923964, 0.0001421493652742356]"
125,"[0.0002161978918593377, 0.0003908124635927379, 0.002845782320946455, 0.9998400211334229]"
415,"[0.00030555075500160456, 0.0013574950862675905, 0.9999436140060425, 0.0006963905761949718]"
40,"[0.9999287128448486, 0.0019455921137705445, 7.186616130638868e-05, 0.0002464521967340261]"
433,"[0.00030440252157859504, 0.0013469625264406204, 0.9999430179595947, 0.0006970084505155683]"
470,"[0.000304180895909667, 0.0013339719735085964, 0.999942421913147, 0.0006966235232539475]"
75,"[0.9999339580535889, 0.00035065668635070324, 0.0001220845733769238, 0.001075828680768609]"
292,"[0.0002118088013958186, 0.000402140460209921, 0.0026169863995164633, 0.9998366832733154]"
419,"[0.00026983264251612127, 0.0016229014145210385, 0.9999444484710693, 0.000688716012518853]"
47,"[0.0004740090516861528, 0.9998775720596313, 0.00032990920590236783, 0.00029696503770537674]"
365,"[0.8207207322120667, 0.9998317956924438, 5.239262827672064e-05, 0.00019320931460242718]"
82,"[0.00019330676877871156, 0.0014709430979564786, 0.9999610185623169, 0.0022154145408421755]"
233,"[0.013456933200359344, 0.0002890781906899065, 0.9999657869338989, 0.00023853739548940212]"
9,"[0.00027370863244868815, 0.0018599153263494372, 0.9999512434005737, 0.0006795141962356865]"
57,"[0.9998681545257568, 0.0005622493918053806, 0.00023517147928941995, 0.00014161645958665758]"
418,"[0.0002774428576231003, 0.0015023163286969066, 0.9999443292617798, 0.0007193303317762911]"
84,"[0.9998970031738281, 0.00016077652981039137, 0.00045958420378156006, 0.0004025873204227537]"
